scene graph snapshot
state=7 mode=0 level=0 score=16
camera=-29.996025432204323,-9.568000000000001,53.25254298024634 yaw=2.7850000000000006 pitch=0.09400000000000001
player=-21.104386107404316,1.5,29.38317489283937 vel=0.0017827099744494924,0,-0.004833325647982615
companion_king=-28.532728126841107,3,26.373407338782894 hp=27 alive=1
companion_queen=-17.129076862244187,3,27.334073925017876 hp=27 alive=1
boss=-55 active=0 arcade=0
monsters:
  m2=6.029033848466215,-3.623349553002422 hp=6.8,6.8
